PROBA-1                 
1 26958U 01049B   21179.45311156  .00000468  00000-0  45128-4 0  9992
2 26958  97.7716 135.8870 0074142  84.9977 275.9699 14.95719064 71554
BIRD 2                  
1 26959U 01049C   21178.74595415  .00002267  00000-0  60793-4 0  9990
2 26959  97.7944 242.9019 0007474 188.3502 171.7619 15.39150108398565
CUTE-1 (CO-55)          
1 27844U 03031E   21178.95811599  .00000046  00000-0  40102-4 0  9999
2 27844  98.6790 187.0112 0010882  53.0835 307.1338 14.22316655933510
CUBESAT XI-IV (CO-57)   
1 27848U 03031J   21178.95443195  .00000034  00000-0  35284-4 0  9998
2 27848  98.6847 187.5714 0010906  65.1117 295.1193 14.21892860933335
GENESIS 1               
1 29252U 06029A   21178.63054994  .00000706  00000-0  43197-4 0  9997
2 29252  64.5203 153.9884 0045465 315.4070  44.3398 15.18705426825065
FALCONSAT-3             
1 30776U 07006E   21178.79572920  .00005364  00000-0  12841-3 0  9993
2 30776  35.4351  33.7555 0002922 336.4363  23.6231 15.40869906794709
GENESIS 2               
1 31789U 07028A   21179.06268415  .00000251  00000-0  22268-4 0  9999
2 31789  64.4988 195.0028 0002598 173.2356 186.8803 15.17803319772159
APRIZESAT 4             
1 35684U 09041D   21178.70507068  .00000075  00000-0  17629-4 0  9993
2 35684  98.3069 175.2727 0048124  50.3960 310.1484 14.79375754642618
APRIZESAT 3             
1 35686U 09041F   21178.76555160  .00000107  00000-0  18091-4 0  9997
2 35686  98.1360 252.1766 0071311 264.3963  94.9117 14.87518917645874
PROBA-2                 
1 36037U 09059B   21178.75974561 -.00000011  00000-0  79628-5 0  9995
2 36037  98.2237   7.0805 0014534 119.8138 240.4505 14.53155115617746
APRIZESAT 5             
1 37792U 11044E   21179.33032075  .00000070  00000-0  18418-4 0  9994
2 37792  98.3751  38.2998 0059134  52.5210 308.1355 14.75496420530925
APRIZESAT 6             
1 37793U 11044F   21179.11845944  .00000060  00000-0  17981-4 0  9991
2 37793  98.4285  13.5636 0048118  95.8016  19.9532 14.72548608529866
TET-1                   
1 38710U 12039D   21179.13846834  .00005400  00000-0  82907-4 0  9990
2 38710  97.5539 233.5137 0000600 176.2963 183.8295 15.54753665502182
PROBA-V                 
1 39159U 13021A   21179.12674257 -.00000011  00000-0  13332-4 0  9997
2 39159  98.4068 226.9141 0005152  56.8596 303.3077 14.23003089422934
STPSAT-3                
1 39380U 13064A   21179.19214257  .00001257  00000-0  38020-4 0  9990
2 39380  40.5008   1.0172 0004210 251.2417 108.7941 15.38733202426301
APRIZESAT 7             
1 39416U 13066A   21178.73519508  .00000098  00000-0  17636-4 0  9990
2 39416  97.5375 172.5611 0042678  87.0883 273.5215 14.84084148411424
APRIZESAT 8             
1 39425U 13066K   21178.90541570  .00000082  00000-0  16644-4 0  9994
2 39425  97.5816 163.3428 0053137 121.5013 239.1408 14.81286871410749
BUGSAT-1 (TITA)         
1 40014U 14033E   21179.19320559 -.00000136  00000-0 -63495-5 0  9998
2 40014  98.1128 159.1006 0032228 127.3888 233.0271 14.95762375383175
SAUDISAT 4              
1 40016U 14033G   21179.08471871  .00000042  00000-0  13300-4 0  9995
2 40016  97.6666  27.9851 0047513 208.8136 151.0448 14.75360728378164
APRIZESAT 9             
1 40018U 14033J   21179.34155489  .00000047  00000-0  15526-4 0  9997
2 40018  97.6983   4.4940 0069863 270.6437  88.6765 14.70056284376754
APRIZESAT 10            
1 40019U 14033K   21179.26646215  .00000032  00000-0  13872-4 0  9997
2 40019  97.7349 353.6733 0083036 307.7409  51.6292 14.67109700376045
TDS 1                   
1 40076U 14037H   21179.30832241  .00000388  00000-0  52868-4 0  9997
2 40076  98.4360  27.4174 0007915 126.3739 233.8206 14.84776276377224
TIANTUO 2               
1 40144U 14053B   21179.45917914  .00001113  00000-0  34368-4 0  9990
2 40144  97.2235 261.5032 0012616  42.3300  17.3439 15.35582224380746
TECHNOSAT               
1 42829U 17042E   21179.18993361  .00000324  00000-0  37719-4 0  9999
2 42829  97.4677  48.1569 0015625 109.1841 251.1071 14.91296279215288
FLYING LAPTOP           
1 42831U 17042G   21179.43150433 -.00000359  00000-0 -30720-4 0  9990
2 42831  97.4697  48.6121 0015597 108.9244 251.3660 14.91305802215328
HAWK-A                  
1 43765U 18099H   21179.11160634 -.00000188  00000-0 -11539-4 0  9996
2 43765  97.6620 250.3511 0015520  24.5433 335.6524 14.96321708140147
HAWK-B                  
1 43794U 18099AN  21178.77763329 -.00000236  00000-0 -15760-4 0  9993
2 43794  97.6621 250.0241 0015603  25.6000 334.5991 14.96319392140086
HAWK-C                  
1 43799U 18099AT  21178.71056046 -.00000217  00000-0 -14044-4 0  9996
2 43799  97.6620 249.8738 0015541  25.7061 334.4930 14.96323006140827
SALSAT                  
1 46495U 20068K   21178.91013719  .00000995  00000-0  77391-4 0  9998
2 46495  97.6926 116.3428 0017941  38.7537 321.4972 15.03467411 40902
