SCD 1                   
1 22490U 93009B   21178.85510080  .00000226  00000-0  12113-4 0  9996
2 22490  24.9687 240.1059 0043154  32.0693 129.8024 14.44612384498628
TECHSAT 1B (GO-32)      
1 25397U 98043D   21179.36936719 -.00000008  00000-0  15933-4 0  9998
2 25397  98.7715 124.8918 0002308  68.1959 291.9465 14.23710555193269
SCD 2                   
1 25504U 98060A   21179.16186424  .00000209  00000-0  79985-5 0  9995
2 25504  24.9961  90.6427 0017342  48.6199 100.1201 14.44128183197931
LANDSAT 7               
1 25682U 99020A   21179.42867722  .00000034  00000-0  17142-4 0  9997
2 25682  98.0298 235.9044 0001801  95.1986 264.9423 14.57200538180998
DLR-TUBSAT              
1 25757U 99029B   21179.35226626  .00000001  00000-0  11821-4 0  9995
2 25757  98.4523 114.2874 0015363 117.5126 242.7632 14.51444849170027
TERRA                   
1 25994U 99068A   21179.36520309  .00000071  00000-0  25776-4 0  9998
2 25994  98.1756 253.5892 0001335  90.6812  40.2505 14.57129796145051
MAROC-TUBSAT            
1 27004U 01056D   21178.94968902 -.00000036  00000-0  10171-4 0  9995
2 27004  99.5725 315.3311 0020567 125.0795 348.2963 13.70147248977597
AQUA                    
1 27424U 02022A   21179.38289625  .00000087  00000-0  29423-4 0  9997
2 27424  98.2100 120.5505 0000440  92.7257  19.9071 14.57116763 18668
IRS-P6 (RESOURCESAT-1)  
1 28051U 03046A   21179.46554172 -.00000012  00000-0  10789-4 0  9996
2 28051  98.4451 254.3131 0058020 351.6518   8.3699 14.34188702920286
SHIYAN 1 (SY-1)         
1 28220U 04012A   21178.93921271  .00000528  00000-0  46900-4 0  9992
2 28220  97.8843 158.4114 0019240  78.2088 282.1292 15.00358382937020
FORMOSAT-2 (ROCSAT 2)   
1 28254U 04018A   21179.32177153 -.00000216  00000-0 -11765-3 0  9997
2 28254  98.6702 200.8872 0002657  26.7847 344.2905 14.00660048874685
AURA                    
1 28376U 04026A   21178.81766035  .00000099  00000-0  31965-4 0  9999
2 28376  98.2102 122.1498 0001395  91.3080 268.8278 14.57112801901580
IRS-P5 (CARTOSAT-1)     
1 28649U 05017A   21179.13831139  .00000070  00000-0  14704-4 0  9998
2 28649  97.7672 245.0080 0000577  28.7601 331.3645 14.83796994874218
SINAH 1                 
1 28893U 05043D   21178.84769912  .00000014  00000-0  12035-4 0  9997
2 28893  98.0707 305.0955 0014759 199.8716 160.1912 14.61575209835159
EROS B                  
1 29079U 06014A   21179.36313638  .00002272  00000-0  98406-4 0  9995
2 29079  97.4074 299.5693 0009194  81.4314 353.8732 15.23390575842451
RESURS-DK 1             
1 29228U 06021A   21179.06593258  .00000132  00000-0  17226-4 0  9998
2 29228  69.9359 311.6784 0007539 255.2554 104.7771 15.02708661829167
ARIRANG-2 (KOMPSAT-2)   
1 29268U 06031A   21179.18228543  .00000118  00000-0  32179-4 0  9996
2 29268  97.9392  58.0161 0018204  52.2218 308.0682 14.62372338796125
LAPAN-TUBSAT            
1 29709U 07001A   21179.44444441 -.00000014  00000-0  49690-5 0  9993
2 29709  97.9136 139.7537 0012286 334.0933  25.9665 14.82289116782061
CARTOSAT-2 (IRS-P7)     
1 29710U 07001B   21178.94853982  .00003379  00000-0  10509-3 0  9994
2 29710  97.8747 261.8130 0169943 210.4018 148.7279 15.21180840782243
HAIYANG-1B              
1 31113U 07010A   21179.36330229  .00000000  00000-0  16108-4 0  9995
2 31113  98.3557 214.1128 0013911 175.8684 184.2616 14.30271411741892
COSMO-SKYMED 1          
1 31598U 07023A   21179.17392954 -.00000152  00000-0 -12593-4 0  9992
2 31598  97.8894   2.9109 0001497  95.2635 264.8610 14.82156088760480
TERRASAR-X              
1 31698U 07026A   21179.41405509 -.00000994  00000-0 -44138-4 0  9998
2 31698  97.4442 187.0675 0001986  85.4694  51.2689 15.19147198778372
WORLDVIEW-1 (WV-1)      
1 32060U 07041A   21178.90243277  .00000997  00000-0  43526-4 0  9995
2 32060  97.3741 298.3953 0001358 156.3101 203.8199 15.24416848766371
YAOGAN 3                
1 32289U 07055A   21179.20910489 -.00000057  00000-0 -57099-6 0  9994
2 32289  97.9711 198.4678 0001416 113.1067 247.0324 14.81096567736605
COSMO-SKYMED 2          
1 32376U 07059A   21179.14021317 -.00000728  00000-0 -84959-4 0  9999
2 32376  97.8898   2.8822 0001758  87.4073 272.7350 14.82152723733222
RADARSAT-2              
1 32382U 07061A   21179.21634351 -.00000028  00000-0  59575-5 0  9994
2 32382  98.5736 186.3076 0001301  86.1094 335.9669 14.29984745706672
CARTOSAT-2A             
1 32783U 08021A   21179.16728400 -.00000238  00000-0 -25468-4 0  9996
2 32783  97.8697 238.1665 0011631 228.4505 131.5632 14.78720705710662
HUANJING 1A (HJ-1A)     
1 33320U 08041A   21179.48423543  .00000107  00000-0  21870-4 0  9997
2 33320  97.7219 223.2352 0019851 305.0864  54.8489 14.77647512690116
HUANJING 1B (HJ-1B)     
1 33321U 08041B   21179.44766193  .00000166  00000-0  30208-4 0  9995
2 33321  97.7420 226.0308 0033934 322.2644  37.6191 14.77385232690115
GEOEYE 1                
1 33331U 08042A   21179.21986471  .00000039  00000-0  16341-4 0  9996
2 33331  98.0977 253.8577 0007853 317.4882  42.5712 14.64392417684525
THEOS                   
1 33396U 08049A   21179.22746800  .00000098  00000-0  66288-4 0  9995
2 33396  98.6894 246.5927 0001076 103.3060 324.4951 14.20040450660394
COSMO-SKYMED 3          
1 33412U 08054A   21179.19081868 -.00000238  00000-0 -23325-4 0  9995
2 33412  97.8896   2.9282 0001491  83.1191 277.0132 14.82150538685696
YAOGAN 4                
1 33446U 08061A   21179.31886226  .00000063  00000-0  15963-4 0  9998
2 33446  97.7759 126.2221 0015721 196.7396 163.3298 14.77101926677313
GOSAT (IBUKI)           
1 33492U 09002A   21179.07153427  .00000104  00000-0  26739-4 0  9997
2 33492  98.0893 290.6944 0001250  83.4694 276.6653 14.67540160665709
YAOGAN 6                
1 34839U 09021A   21179.22991602  .00000828  00000-0  32932-4 0  9991
2 34839  97.0485 172.6065 0029021 119.5761 240.8377 15.27536829677158
DEIMOS-1                
1 35681U 09041A   21179.16235193  .00000039  00000-0  13704-4 0  9998
2 35681  97.7580  42.5451 0000430   3.8251 356.2915 14.71898930639658
DUBAISAT-1              
1 35682U 09041B   21179.24159876  .00000170  00000-0  36854-4 0  9998
2 35682  97.7612 344.3283 0012671 120.2363 240.0102 14.68895187638282
OCEANSAT-2              
1 35931U 09051A   21179.17083918  .00000068  00000-0  28350-4 0  9999
2 35931  98.2953 275.0546 0002082  30.7428 329.3886 14.50844779622899
WORLDVIEW-2 (WV-2)      
1 35946U 09055A   21179.30137499  .00000035  00000-0  26040-4 0  9996
2 35946  98.4846 253.7292 0001064  41.0746 319.0471 14.37669141615022
SMOS                    
1 36036U 09059A   21178.80844823  .00000053  00000-0  30657-4 0  9990
2 36036  98.4438   6.4394 0001312  77.8499 282.2836 14.39776403612232
YAOGAN 7                
1 36110U 09069A   21179.48913535  .00000058  00000-0  16505-4 0  9997
2 36110  98.2356  28.7024 0025823  93.5009 266.9162 14.75493623621943
TANDEM-X                
1 36605U 10030A   21178.00931051  .00001549  00000-0  76942-4 0  9993
2 36605  97.4446 185.6811 0001936  86.8501 292.3395 15.19157988610906
CARTOSAT-2B             
1 36795U 10035A   21179.13564456  .00000346  00000-0  54057-4 0  9991
2 36795  97.8930 237.5504 0012223 311.3759  48.6491 14.78747872591702
YAOGAN 10               
1 36834U 10038A   21179.20194202  .00000065  00000-0  15128-4 0  9998
2 36834  97.9780 186.6460 0001379  84.3338 275.8029 14.81053797588342
COSMO-SKYMED 4          
1 37216U 10060A   21179.42286226  .00000033  00000-0  10651-4 0  9991
2 37216  97.8897   3.1542 0001448  90.3096 269.8292 14.82157853575816
RESOURCESAT-2           
1 37387U 11015A   21179.25636758  .00000001  00000-0  20078-4 0  9990
2 37387  98.6403 253.1094 0004485  32.0485 328.0946 14.21662579528838
HAIYANG-2A              
1 37781U 11043A   21179.30032200 -.00000025  00000-0  19036-4 0  9996
2 37781  99.3144 186.3471 0001722  80.0228 280.1118 13.78719219496839
RASAT                   
1 37791U 11044D   21179.21106573  .00000025  00000-0  13697-4 0  9999
2 37791  98.1040 272.6129 0022301 162.9199 197.2781 14.64837757527253
MEGHA-TROPIQUES         
1 37838U 11058A   21179.36847687  .00000285  00000-0  11989-4 0  9990
2 37838  19.9775 263.7257 0009941   3.7692 356.2786 14.09594057501086
SRMSAT                  
1 37841U 11058D   21179.31690249  .00000291  00000-0  14506-4 0  9994
2 37841  19.9710 235.4216 0012066  53.5547  13.1785 14.10697857501390
YAOGAN 13               
1 37941U 11072A   21179.43687483  .00000853  00000-0  44125-4 0  9994
2 37941  97.5915 121.6251 0002137 137.2443 359.0797 15.18967925531032
PLEIADES 1A             
1 38012U 11076F   21179.46493032  .00000003  00000-0  10519-4 0  9993
2 38012  98.1998 254.5804 0001645  82.1337 278.0053 14.58542560507476
ZIYUAN 1-02C (ZY 1-02C) 
1 38038U 11079A   21179.43777516  .00000037  00000-0  28699-4 0  9998
2 38038  98.6367 239.7010 0006158 227.8994 132.1670 14.35298028498706
ZIYUAN 3-1 (ZY 3-1)     
1 38046U 12001A   21179.44808583  .00000968  00000-0  46255-4 0  9994
2 38046  97.3809 253.2179 0001155   6.1096 124.0375 15.21361283525783
ARIRANG-3 (KOMPSAT-3)   
1 38338U 12025B   21179.41440899  .00000027  00000-0  14854-4 0  9999
2 38338  98.1441 119.0159 0012055  47.4995 312.7220 14.61717186486255
KANOPUS-V 1             
1 38707U 12039A   21179.40565998  .00000454  00000-0  24411-4 0  9995
2 38707  97.4648  99.8658 0001628  89.4609  47.9488 15.19769027495592
EXACTVIEW-1 (ADS-1B)    
1 38709U 12039C   21179.37353402 -.00000002  00000-0  19464-4 0  9990
2 38709  99.0589 231.1029 0010918   1.2477 358.8726 14.24051657464342
SPOT 6                  
1 38755U 12047A   21179.48068633 -.00000005  00000-0  87428-5 0  9990
2 38755  98.2003 247.0436 0001478  99.3776 260.7589 14.58550580468555
PLEIADES 1B             
1 39019U 12068A   21179.15620927 -.00000020  00000-0  54880-5 0  9994
2 39019  98.1952 254.3464 0001468  87.6584 272.4788 14.58558676456281
GOKTURK 2               
1 39030U 12073A   21179.42410108  .00000034  00000-0  12890-4 0  9999
2 39030  97.9034  64.0215 0002459  57.9005 302.2433 14.72819986457247
LANDSAT 8               
1 39084U 13008A   21179.36427013  .00000053  00000-0  21760-4 0  9990
2 39084  98.2243 249.7186 0001423 102.9051 257.2307 14.57108704445432
SARAL                   
1 39086U 13009A   21178.87064337 -.00000013  00000-0  11264-4 0  9999
2 39086  98.5461   4.7620 0000811 138.7781 221.3464 14.32054958435730
GAOFEN 1                
1 39150U 13018A   21179.15313639  .00000077  00000-0  18135-4 0  9998
2 39150  97.8300 251.5927 0018525 349.1559  10.9235 14.76580528440458
VNREDSAT 1              
1 39160U 13021B   21179.42513024  .00000055  00000-0  19856-4 0  9990
2 39160  98.1133 256.4720 0001307  87.8026 272.3326 14.62964265434858
ARIRANG-5 (KOMPSAT-5)   
1 39227U 13042A   21179.42674453 -.00000084  00000-0 -17110-5 0  9997
2 39227  97.6264   4.6055 0001822  88.0731 331.0171 15.04508670431054
SKYSAT-A                
1 39418U 13066C   21178.74678543  .00000328  00000-0  31601-4 0  9992
2 39418  97.5900 255.3623 0020721  19.5511 340.6502 14.99171321415500
DUBAISAT-2              
1 39419U 13066D   21179.46919525  .00000200  00000-0  23609-4 0  9999
2 39419  97.4886 223.5369 0014531  32.8248 327.3883 14.94333045414325
GPM-CORE                
1 39574U 14009C   21178.88699729  .00003821  00000-0  58722-4 0  9991
2 39574  65.0062 314.6234 0010438 277.2701  82.7259 15.56005044416446
SENTINEL-1A             
1 39634U 14016A   21179.21330692 -.00000182  00000-0 -28900-4 0  9999
2 39634  98.1811 186.8284 0001427  86.4030 273.7352 14.59196574385362
KAZEOSAT 1              
1 39731U 14024A   21179.46299639 -.00000006  00000-0  11600-4 0  9991
2 39731  98.5014 252.1500 0001155  97.8282 262.3046 14.41965169377078
ALOS-2                  
1 39766U 14029A   21179.21161689  .00000144  00000-0  26119-4 0  9993
2 39766  97.9215 276.4175 0001698  93.2422 266.8977 14.79473845383252
KAZEOSAT 2              
1 40010U 14033A   21179.12994155 -.00000029  00000-0  28722-5 0  9990
2 40010  97.7666  70.8044 0016317 151.8823 208.3335 14.82069262379965
HODOYOSHI-4             
1 40011U 14033B   21179.11984697  .00000165  00000-0  27560-4 0  9998
2 40011  97.7277  60.9983 0027229 152.8862 207.3813 14.81324197379638
DEIMOS-2                
1 40013U 14033D   21179.14644434  .00000153  00000-0  24223-4 0  9995
2 40013  97.7906  79.8013 0001422 124.9487 235.1852 14.84841894380615
HODOYOSHI-3             
1 40015U 14033F   21179.10446829  .00000066  00000-0  15731-4 0  9998
2 40015  97.6862  44.9036 0036958 175.2022 184.9552 14.78675241378968
SPOT 7                  
1 40053U 14034A   21179.17120613 -.00000011  00000-0  74575-5 0  9991
2 40053  98.2166 246.5024 0001220  91.6459 268.4877 14.58542236372440
SKYSAT-B                
1 40072U 14037D   21179.33049863  .00000113  00000-0  21990-4 0  9994
2 40072  98.4518  24.3802 0006837  22.3359 337.8149 14.81422023376892
WORLDVIEW-3 (WV-3)      
1 40115U 14048A   21179.44547031  .00000046  00000-0  11651-4 0  9994
2 40115  97.8443 254.1982 0002522 130.4765 229.6683 14.85050801372602
GAOFEN 2                
1 40118U 14049A   21179.26337899  .00000077  00000-0  16608-4 0  9998
2 40118  97.8029 253.1945 0008522  37.2211 322.9598 14.80659206370686
YAOGAN 21               
1 40143U 14053A   21179.46272052  .00001131  00000-0  50036-4 0  9997
2 40143  97.3943 247.8853 0016876  30.8219 338.4106 15.23626970378652
YAOGAN 22               
1 40275U 14063A   21179.22241914 -.00000027  00000-0  47166-4 0  9995
2 40275 100.5313 296.2387 0005858 334.2149  25.8661 13.15429393321174
ASNARO                  
1 40298U 14070A   21179.41772257  .00001309  00000-0  64572-4 0  9991
2 40298  97.3920 260.4036 0002173  82.9774 341.1011 15.19634759368431
HODOYOSHI-1             
1 40299U 14070B   21179.45307932  .00000831  00000-0  36329-4 0  9998
2 40299  97.2862 252.7349 0011565 315.5094 100.8758 15.24756098369090
QSAT-EOS                
1 40301U 14070D   21179.45911398  .00002395  00000-0  87564-4 0  9993
2 40301  97.2539 250.8039 0022231 295.7329  74.6326 15.28824701369340
YAOGAN 23               
1 40305U 14071A   21179.41176928  .00000868  00000-0  44916-4 0  9993
2 40305  97.5635 124.0660 0000998  68.3750  80.2966 15.18920868366782
YAOGAN 24               
1 40310U 14072A   21179.15988811  .00000004  00000-0  79817-5 0  9994
2 40310  97.9395 299.8475 0018820 343.1595  16.8978 14.76264775355961
CBERS 4                 
1 40336U 14079A   21179.24248036 -.00000013  00000-0  10642-4 0  9998
2 40336  98.5211 253.1627 0001928  83.0971 277.0466 14.35434814343591
RESURS P2               
1 40360U 14087A   21179.39983023  .00000905  00000-0  29542-4 0  9990
2 40360  97.2286 266.6626 0007813 283.5945 145.9139 15.34299187363944
YAOGAN 26               
1 40362U 14088A   21179.41102159  .00001198  00000-0  52606-4 0  9991
2 40362  97.1989 239.5140 0007389 238.5701 245.1215 15.23747837362117
SMAP                    
1 40376U 15003A   21178.90870444  .00000041  00000-0  16912-4 0  9992
2 40376  98.1227 185.9216 0000861 101.1649 258.9650 14.63384187342133
KOMPSAT-3A              
1 40536U 15014A   21179.39714196  .00000608  00000-0  38793-4 0  9997
2 40536  97.5356 120.9921 0001800 357.0792 155.7066 15.12318824345536
SENTINEL-2A             
1 40697U 15028A   21179.27746358 -.00000037  00000-0  23789-5 0  9999
2 40697  98.5682 254.1150 0001313  86.9192 273.2114 14.30815343314209
GAOFEN 8                
1 40701U 15030A   21179.41768756  .00001829  00000-0  79846-4 0  9993
2 40701  97.5176 307.3994 0005602 268.5728 162.6454 15.23424030334489
CARBONITE 1 (CBNT-1)    
1 40718U 15032D   21179.44545025  .00000180  00000-0  33990-4 0  9997
2 40718  97.7872  53.2386 0018250  79.1808 281.1448 14.74975537321239
YAOGAN 27               
1 40878U 15040A   21179.40841863 -.00000020  00000-0  58662-4 0  9995
2 40878 100.1740 220.4294 0009190  82.3036 277.9123 13.15968789280464
GAOFEN 9-01             
1 40894U 15047A   21179.26133447  .00000069  00000-0  17298-4 0  9998
2 40894  97.8560 255.0619 0031460 275.2254  84.5379 14.76300995311927
LAPAN-A2                
1 40931U 15052B   21179.14730226  .00000716  00000-0  10567-4 0  9992
2 40931   5.9972 176.0573 0013105 199.1949 160.7673 14.76679377310889
YAOGAN 28               
1 41026U 15064A   21179.42574182  .00001024  00000-0  45886-4 0  9994
2 41026  97.5051 315.9814 0001775 102.0905 330.4883 15.23528817314335
YAOGAN 29               
1 41038U 15069A   21179.42423835  .00000048  00000-0  13198-4 0  9996
2 41038  98.0369 173.4632 0002227  95.3202 264.8263 14.80510113301901
KENT RIDGE 1            
1 41167U 15077B   21179.45628198  .00000929  00000-0  16469-4 0  9992
2 41167  14.9784 267.2083 0010837 162.9334 285.8370 15.09362423305678
TELEOS 1                
1 41169U 15077D   21179.53463109  .00001139  00000-0  27236-4 0  9990
2 41169  14.9861 244.7407 0010370 201.5628 158.4334 15.11091224305883
GAOFEN 4                
1 41194U 15083A   21179.07618635 -.00000345  00000-0  00000+0 0  9994
2 41194   0.0850  83.6170 0000881 302.7316  23.1684  1.00269856 20292
JASON-3                 
1 41240U 16002A   21178.89779685 -.00000028  00000-0  14449-3 0  9994
2 41240  66.0418 305.3244 0007862 270.2582  89.7532 12.80930673254507
SENTINEL-3A             
1 41335U 16011A   21179.32554698  .00000006  00000-0  20660-4 0  9991
2 41335  98.6245 246.7137 0001385 107.5644 252.5688 14.26736869279271
SENTINEL-1B             
1 41456U 16025A   21179.45282150 -.00000058  00000-0 -26506-5 0  9990
2 41456  98.1817 186.8902 0001414  83.7092 276.4268 14.59197555275560
ZIYUAN 3-2 (ZY 3-2)     
1 41556U 16033A   21179.45481536  .00000855  00000-0  41199-4 0  9996
2 41556  97.3250 251.4138 0004319 126.8580 243.8411 15.21337582282080
NUSAT-1 (FRESCO)        
1 41557U 16033B   21179.44888953  .00002110  00000-0  76268-4 0  9991
2 41557  97.3947 273.3232 0012741 188.2557 236.7917 15.29510154283210
NUSAT-2 (BATATA)        
1 41558U 16033C   21179.43544162  .00002119  00000-0  71873-4 0  9998
2 41558  97.4059 277.1810 0011987 181.1339 247.9843 15.31600845283404
CARTOSAT-2C             
1 41599U 16040A   21179.46191219  .00000633  00000-0  33163-4 0  9994
2 41599  97.3984 238.5826 0013354 345.6142 139.0304 15.19287067278187
SKYSAT-C1               
1 41601U 16040C   21178.78342300  .00002227  00000-0  59093-4 0  9992
2 41601  97.1911 256.0632 0001133 121.2427 238.8931 15.39344679279411
LAPAN-A3                
1 41603U 16040E   21179.44704957  .00000332  00000-0  18422-4 0  9994
2 41603  97.2549 225.9621 0012579 331.7778  84.0842 15.20046603278256
BIROS                   
1 41604U 16040F   21178.71746922  .00000724  00000-0  34030-4 0  9990
2 41604  97.2617 230.8188 0010699 310.0110  50.0187 15.22613499278460
GAOFEN 3                
1 41727U 16049A   21179.29352185 -.00000028  00000-0  47501-5 0  9999
2 41727  98.4078 187.6325 0000787  65.8829 294.2460 14.42212145257042
SKYSAT-C4               
1 41771U 16058B   21179.12124036  .00002238  00000-0  59741-4 0  9994
2 41771  97.1655 247.7726 0002036 101.8662 258.2812 15.39147947266423
SKYSAT-C5               
1 41772U 16058C   21179.37705270  .00000857  00000-0  37608-4 0  9990
2 41772  97.3124 247.0579 0001904  85.1806 274.9649 15.24578224265807
SKYSAT-C2               
1 41773U 16058D   21179.09743214  .00002187  00000-0  58259-4 0  9993
2 41773  97.1663 248.0921 0002623  87.5648 272.5899 15.39245828266444
SKYSAT-C3               
1 41774U 16058E   21178.78436069  .00002156  00000-0  57618-4 0  9990
2 41774  97.1658 247.7363 0002046  99.6498 260.4979 15.39155247266384
ALSAT 1B                
1 41785U 16059C   21179.41058111  .00000025  00000-0  13753-4 0  9997
2 41785  97.9583 229.5538 0030456 205.4369 154.5339 14.63403744253881
PATHFINDER 1            
1 41787U 16059E   21179.15116416  .00000086  00000-0  25365-4 0  9992
2 41787  97.9621 230.7952 0029783 204.0317 155.9512 14.63818764253902
SCATSAT 1               
1 41790U 16059H   21179.39968331  .00000031  00000-0  19154-4 0  9992
2 41790  98.3671 221.2265 0004537 194.2330 165.8738 14.50814408251739
WORLDVIEW-4             
1 41848U 16067A   21178.84485531  .00036783  00000-0  21307-3 0  9995
2 41848  97.8078 329.6798 0009930 164.2707 195.8869 15.78437423255246
GOKTURK 1A              
1 41875U 16073A   21179.42131481  .00000037  00000-0  16327-4 0  9999
2 41875  98.1161  74.1588 0001402  81.8156 278.3201 14.62783674243529
RESOURCESAT-2A          
1 41877U 16074A   21179.43220133 -.00000013  00000-0  14136-4 0  9997
2 41877  98.7546 253.2448 0000093 234.2253 125.8919 14.21609910236468
CARTOSAT-2D             
1 41948U 17008A   21178.75066067  .00000691  00000-0  35962-4 0  9993
2 41948  97.4411 238.9128 0009050 119.8898 240.3241 15.19277655241949
SENTINEL-2B             
1 42063U 17013A   21179.24248720 -.00000222  00000-0 -68130-4 0  9996
2 42063  98.5678 254.0704 0001352 102.6279 257.5130 14.30815866225116
ZHUHAI-1 02 (CAS-4B)    
1 42759U 17034B   21179.34849082  .00000268  00000-0  29415-4 0  9991
2 42759  43.0170 121.1847 0009824 239.4374 256.0606 15.10239333222790
NUSAT-3 (MILANESAT)     
1 42760U 17034C   21179.31665635  .00000346  00000-0  33657-4 0  9990
2 42760  43.0152 118.2320 0009545 258.9517 236.9479 15.10836671222838
ZHUHAI-1 01 (CAS-4A)    
1 42761U 17034D   21179.33994131  .00000214  00000-0  26134-4 0  9995
2 42761  43.0161 120.2744 0009782 241.8970 259.5978 15.10325976222790
CARTOSAT-2E             
1 42767U 17036C   21179.43254838  .00000649  00000-0  34047-4 0  9991
2 42767  97.5034 238.3749 0009319 160.9425 255.3043 15.19234441222610
FORMOSAT-5              
1 42920U 17049A   21179.44175961 -.00000000  00000-0  11119-4 0  9993
2 42920  98.2700 258.6517 0009586 255.8254 104.1887 14.50866480203532
SENTINEL-5P             
1 42969U 17064A   21179.35738243 -.00000002  00000-0  20008-4 0  9990
2 42969  98.7379 119.1131 0001064  87.9045 272.2253 14.19542704192086
SKYSAT-C11              
1 42987U 17068A   21179.09507050  .00002637  00000-0  68284-4 0  9998
2 42987  97.2618 295.0352 0010788 128.6749 231.5464 15.39903255203857
SKYSAT-C10              
1 42988U 17068B   21178.88710430  .00002476  00000-0  64198-4 0  9994
2 42988  97.2658 294.8166 0003146 158.7593 201.3785 15.39966389203840
SKYSAT-C9               
1 42989U 17068C   21179.07203970  .00002464  00000-0  64088-4 0  9998
2 42989  97.2613 294.3987 0002303  62.2155 297.9325 15.39881989204063
SKYSAT-C8               
1 42990U 17068D   21179.12908204  .00002514  00000-0  65218-4 0  9990
2 42990  97.2662 295.4390 0002382 114.0952 246.0544 15.39943231203906
SKYSAT-C7               
1 42991U 17068E   21179.11887313  .00002479  00000-0  64207-4 0  9994
2 42991  97.2667 295.4496 0000732 126.1449 233.9865 15.40000349203908
SKYSAT-C6               
1 42992U 17068F   21179.10875253  .00002486  00000-0  64343-4 0  9993
2 42992  97.2685 295.7280 0002214  61.9443 298.2027 15.40027298203917
CARTOSAT-2F             
1 43111U 18004A   21179.46600760  .00000780  00000-0  40298-4 0  9994
2 43111  97.4978 238.5814 0004483 165.3763 252.5588 15.19208357191802
NUSAT-4 (ADA)           
1 43195U 18015D   21179.42134758  .00001871  00000-0  75772-4 0  9990
2 43195  97.4875 313.0166 0015973 210.6959 222.0910 15.25857261189197
NUSAT-5 (MARYAM)        
1 43204U 18015K   21179.41995029  .00001831  00000-0  73685-4 0  9993
2 43204  97.4883 313.3905 0015354 212.0298 220.5350 15.26106299188814
GAOFEN 1-02             
1 43259U 18031A   21179.29649141  .00000065  00000-0  16513-4 0  9993
2 43259  97.9330 257.7951 0005505  76.5765 283.6054 14.76521217174885
GAOFEN 1-03             
1 43260U 18031B   21179.27499546  .00000090  00000-0  20197-4 0  9996
2 43260  97.9323 257.7612 0006591 130.3305 229.8501 14.76513176174871
GAOFEN 1-04             
1 43262U 18031D   21179.25018213 -.00001286  00000-0 -17746-3 0  9999
2 43262  97.9330 257.7405 0005931  92.0161 268.1634 14.76508029174865
SENTINEL-3B             
1 43437U 18039A   21179.08779500  .00000007  00000-0  20789-4 0  9995
2 43437  98.6286 246.4485 0001277 116.3434 243.7877 14.26735870165300
GAOFEN 5                
1 43461U 18043A   21179.41173351  .00000012  00000-0  12688-4 0  9991
2 43461  98.2329 117.8256 0001463 357.2880   2.8309 14.57826385167072
GAOFEN 6                
1 43484U 18048A   21179.27842050  .00000080  00000-0  18805-4 0  9996
2 43484  97.9578 260.3288 0007952 265.8526  94.1792 14.76520865165576
GAOFEN 11-1             
1 43585U 18063A   21179.43238979  .00000872  00000-0  39315-4 0  9990
2 43585  97.3531 258.3446 0014431 342.1055 148.5827 15.23581660162483
AEOLUS                  
1 43600U 18066A   21179.27421120  .00031390  00000-0  12317-3 0  9996
2 43600  96.7141 185.9473 0003078 340.2384  19.8769 15.86892121164961
ICESAT-2                
1 43613U 18070A   21179.34202482  .00000607  00000-0  21859-4 0  9990
2 43613  92.0012 162.6804 0002535  84.2846 275.8692 15.28274014155292
HYSIS                   
1 43719U 18096A   21179.47037166  .00000126  00000-0  24101-4 0  9993
2 43719  97.8581 244.9147 0005895 124.0077 236.1698 14.78615860139232
KAZSTSAT                
1 43783U 18099AB  21178.74425066  .00000371  00000-0  40321-4 0  9990
2 43783  97.6755 248.2944 0008631  23.7943 336.3675 14.93662297139853
SAUDISAT 5A             
1 43831U 18102A   21179.43672954  .00001002  00000-0  68496-4 0  9991
2 43831  97.5343 255.0466 0013147 315.8332 172.8504 15.08324199140803
SAUDISAT 5B             
1 43833U 18102C   21179.43136073  .00000739  00000-0  50954-4 0  9996
2 43833  97.5357 255.6803 0014143 322.9311 169.6298 15.08762834140833
GAOFEN 10R              
1 44622U 19066A   21179.25659936  .00000115  00000-0  21639-4 0  9997
2 44622  97.8575 119.9801 0001724  88.1049 272.0357 14.80613678 93590
CARTOSAT-3              
1 44804U 19081A   21179.41798759  .00000739  00000-0  38215-4 0  9991
2 44804  97.4464 242.0878 0013839  20.6952  34.1454 15.19257474 87882
GAOFEN 12-1             
1 44819U 19082A   21179.40008791  .00000028  00000-0  10427-4 0  9993
2 44819  97.8841 201.4771 0001254 108.9749 251.1601 14.80264627 85567
NUSAT-7 (SOPHIE)        
1 45017U 20003B   21179.48647627  .00001939  00000-0  68327-4 0  9998
2 45017  97.2641 244.2604 0013627 177.0716 310.9061 15.30402815 81039
NUSAT-8 (MARIE)         
1 45018U 20003C   21179.46681131  .00002293  00000-0  75796-4 0  9997
2 45018  97.2766 244.1749 0012111 180.0406 305.8218 15.32320845 80999
NUSAT-6 (HYPATIA)       
1 46272U 20061A   21179.52086770  .00001261  00000-0  57983-4 0  9991
2 46272  97.3681 252.9881 0005912 227.2933 132.7807 15.22164039 45355
NEMO-HD                 
1 46277U 20061F   21179.51872752  .00000671  00000-0  37913-4 0  9993
2 46277  97.4325 253.0552 0001517  42.0063   9.3257 15.16389069 45215
NUSAT-12 (DOROTHY)      
1 46827U 20079A   21179.48212840  .00002581  00000-0  86524-4 0  9999
2 46827  97.2409 252.5386 0011240 125.4458   2.9092 15.31749974 35851
NUSAT-9 (ALICE)         
1 46828U 20079B   21179.45820348  .00002366  00000-0  78254-4 0  9997
2 46828  97.2270 252.5595 0004367 145.7723 338.1802 15.32313829 35874
NUSAT-11 (CORA)         
1 46829U 20079C   21179.46876141  .00002436  00000-0  80388-4 0  9990
2 46829  97.2331 252.5588 0009165 137.3525 346.0511 15.32325536 35865
NUSAT-15 (KATHERINE)    
1 46830U 20079D   21179.51318469  .00001924  00000-0  64088-4 0  9992
2 46830  97.2467 253.0969 0006303 109.7188  17.8951 15.32309099 35884
NUSAT-14 (HEDY)         
1 46831U 20079E   21179.44793088  .00002179  00000-0  72069-4 0  9990
2 46831  97.2428 252.7759 0010310 134.4566 280.4698 15.32365561 35863
NUSAT-10 (CAROLINE)     
1 46832U 20079F   21179.46006019  .00002235  00000-0  73715-4 0  9996
2 46832  97.2434 252.7410 0010487 134.4073 236.2997 15.32425738 35867
NUSAT-13 (EMMY)         
1 46833U 20079G   21179.51911144  .00002253  00000-0  74365-4 0  9999
2 46833  97.2433 252.8684 0009858 135.3102 349.6699 15.32393986 35872
NUSAT-17 (MARY)         
1 46835U 20079J   21179.41765081  .00002184  00000-0  72903-4 0  9996
2 46835  97.2429 252.7008 0009977 148.2584 344.4418 15.32065540 35859
NUSAT-18 (VERA)         
1 46836U 20079K   21179.47900395  .00001830  00000-0  60997-4 0  9999
2 46836  97.2443 252.9139 0010276 154.3588 326.5151 15.32325919 35875
NUSAT-16 (LISE)         
1 46840U 20079P   21179.50182192  .00002041  00000-0  67558-4 0  9990
2 46840  97.2454 252.9154 0007599 148.2533 337.1875 15.32431539 35872
SENTINEL-6              
1 46984U 20086A   21179.44467799 -.00000061  00000-0  00000+0 0  9994
2 46984  66.0428 304.3185 0007967 264.0338  95.9771 12.80930222 28027
GAOFEN 12-2             
1 48079U 21026A   21179.23199912  .00000011  00000-0  81164-5 0  9992
2 48079  97.8648 171.3194 0001883  56.9380 303.2015 14.80270422 13221
