SARSAT 7 (NOAA 15)      
1 25338U 98030A   21179.31204752  .00000088  00000-0  55442-4 0  9995
2 25338  98.6807 207.7395 0009285 246.4321 113.5884 14.26040900202796
METEOSAT-8 (MSG-1)      
1 27509U 02040B   21179.25639740  .00000123  00000-0  00000+0 0  9990
2 27509   7.3922  52.4415 0001979  18.9712 338.8044  1.00273638 69053
GPS BIIR-08             
1 27663U 03005A   21178.01688789 -.00000038  00000-0  00000-0 0  9990
2 27663  55.7656 287.1596 0120403  38.1365 132.8514  2.00558707134886
GPS BIIR-11             
1 28190U 04009A   21178.30564350 -.00000091  00000-0  00000-0 0  9999
2 28190  56.1807 348.0302 0090794 107.6803  69.0030  2.00568078126556
GPS BIIR-13             
1 28474U 04045A   21178.43073196 -.00000092  00000-0  00000-0 0  9992
2 28474  55.1964  37.7180 0204007 273.5192 268.1203  2.00560387122014
SARSAT 10 (NOAA 18)     
1 28654U 05018A   21179.35382181  .00000084  00000-0  69863-4 0  9998
2 28654  98.9933 244.2616 0013271 249.4729 110.5018 14.12617652830073
GPS BIIR-14M            
1 28874U 05038A   21178.51619689 -.00000090  00000-0  00000-0 0  9999
2 28874  56.2639 345.4370 0135659 270.2976  81.9407  2.00570453115417
METEOSAT-9 (MSG-2)      
1 28912U 05049B   21179.32642510  .00000004  00000-0  00000+0 0  9996
2 28912   5.2353  68.3973 0001250  16.4337 312.8208  1.00266221 56870
GOES 13                 
1 29155U 06018A   21178.86064222  .00000029  00000-0  00000-0 0  9997
2 29155   0.0951 250.7188 0004428 290.9748 105.5884  1.00268558 25178
SARSAT 11 (METOP-A)     
1 29499U 06044A   21179.38016387  .00000004  00000-0  20854-4 0  9990
2 29499  98.4707 218.2137 0000770 106.6417 313.9156 14.21502775762291
GPS BIIR-16M            
1 29601U 06052A   21177.59446375 -.00000034  00000-0  00000-0 0  9990
2 29601  55.7613 286.1031 0080533  69.3148 291.5726  2.00558420107026
GPS BIIR-17M            
1 32260U 07047A   21178.39828161  .00000026  00000-0  00000-0 0  9996
2 32260  53.2390 155.2572 0130774  56.3531 304.8513  2.00567453100398
GPS BIIR-18M            
1 32384U 07062A   21178.78228642 -.00000090  00000-0  00000-0 0  9993
2 32384  56.3709 346.1441 0017643 130.4048 274.5567  2.00570604 99105
SARSAT 12 (NOAA 19)     
1 33591U 09005A   21179.31810075  .00000062  00000-0  58895-4 0  9997
2 33591  99.1823 200.2928 0014988 101.5035 258.7820 14.12478292638451
GOES 14                 
1 35491U 09033A   21178.56539432 -.00000104  00000-0  00000-0 0  9999
2 35491   0.3309 107.5180 0010607 100.0784 167.6064  1.00271450 43956
GOES 15                 
1 36411U 10008A   21178.72594779  .00000044  00000-0  00000-0 0  9991
2 36411   0.1495 128.8823 0004234 292.7347 347.4567  1.00276942 41478
GLONASS-K 1             
1 37372U 11009A   21179.39041951 -.00000072  00000-0  00000+0 0  9994
2 37372  65.9298  15.1939 0014375 226.0562 160.3084  2.13052392 80427
GPS BIIF-2              
1 37753U 11036A   21178.75903153 -.00000089  00000-0  00000+0 0  9995
2 37753  56.4206  42.5436 0108196  48.6900 129.6946  2.00563254 72852
GSAT0101 (GALILEO-PFM)  
1 37846U 11060A   21177.19361875 -.00000088  00000-0  00000-0 0  9991
2 37846  56.8425  31.0415 0003477  34.5183 325.5613  1.70475192 60141
GSAT0102 (GALILEO-FM2)  
1 37847U 11060B   21178.29655035 -.00000092  00000-0  00000-0 0  9993
2 37847  56.8439  31.0108 0003268 358.0185   5.2475  1.70475435 60171
LUCH 5A                 
1 37951U 11074B   21177.02354902 -.00000055  00000-0  00000-0 0  9992
2 37951   4.1392 105.1515 0006469 342.7334   2.1163  1.00275330 34961
METEOSAT-10 (MSG-3)     
1 38552U 12035B   21178.82515637  .00000049  00000-0  00000-0 0  9993
2 38552   1.2099  12.0586 0001661  99.0762 111.4958  1.00264802 32653
SARSAT 13 (METOP-B)     
1 38771U 12049A   21179.37571716  .00000006  00000-0  22906-4 0  9998
2 38771  98.7142 239.3146 0001278  42.6176  86.8936 14.21485690455421
GPS BIIF-3              
1 38833U 12053A   21177.99492752  .00000034  00000-0  00000+0 0  9997
2 38833  53.5714 217.9258 0110096  41.6260 319.2802  2.00557067 63907
GSAT0103 (GALILEO-FM3)  
1 38857U 12055A   21177.82117003  .00000030  00000-0  00000-0 0  9997
2 38857  55.0498 151.4800 0004954 271.9600  87.9312  1.70473711 54044
GSAT0104 (GALILEO-FM4)  
1 38858U 12055B   21177.20531495  .00000030  00000-0  00000-0 0  9995
2 38858  55.0493 151.4985 0002674 277.3687  82.5488  1.70474022 54036
GPS BIIF-4              
1 39166U 13023A   21177.36124258 -.00000088  00000-0  00000-0 0  9990
2 39166  55.9078 341.9923 0093263  35.1429 325.4633  2.00562533 59443
INSAT-3D                
1 39216U 13038B   21179.05499900 -.00000167  00000-0  00000+0 0  9996
2 39216   0.0468 273.2764 0001655 208.9150 256.0904  1.00273274 29108
GPS BIIF-5              
1 39533U 14008A   21177.86081550  .00000032  00000-0  00000-0 0  9992
2 39533  53.6742 223.4029 0054049 204.3431 155.4787  2.00561664 53255
LUCH 5V                 
1 39727U 14023A   21178.88035657 -.00000280  00000-0  00000-0 0  9990
2 39727   0.7179  59.1742 0005593  43.8309 224.8346  1.00271006 26151
GPS BIIF-6              
1 39741U 14026A   21178.14168942 -.00000086  00000-0  00000-0 0  9996
2 39741  56.3886  42.0953 0023312 301.1322  58.6975  2.00550693 52117
GPS BIIF-7              
1 40105U 14045A   21177.22778163  .00000031  00000-0  00000-0 0  9992
2 40105  54.6308 161.0265 0016638 106.7626 253.3937  2.00553196 49636
GSAT0201 (GALILEO 5)    
1 40128U 14050A   21178.00813880 -.00000115  00000-0  00000-0 0  9990
2 40128  50.4722 346.4417 1648527 111.7370 266.6241  1.85518696 44621
GSAT0202 (GALILEO 6)    
1 40129U 14050B   21178.80944507 -.00000115  00000-0  00000+0 0  9999
2 40129  50.5024 345.4594 1645681 112.5693 265.6805  1.85519387 46779
GPS BIIF-8              
1 40294U 14068A   21177.59721828 -.00000033  00000-0  00000-0 0  9995
2 40294  55.5606 102.0222 0034680  47.3772 312.9059  2.00575393 48777
GLONASS-K 2             
1 40315U 14075A   21178.14570344  .00000014  00000-0  00000+0 0  9991
2 40315  63.7686 253.6317 0017938 209.7830  57.0972  2.13101524 51156
GPS BIIF-9              
1 40534U 15013A   21177.73926727 -.00000029  00000-0  00000-0 0  9999
2 40534  53.9440 279.4229 0058339  15.3565 344.8585  2.00573931 45399
GSAT0203 (GALILEO 7)    
1 40544U 15017A   21176.38871051 -.00000085  00000-0  00000+0 0  9994
2 40544  56.6361  31.1458 0001212 251.1302 108.9156  1.70474516 38879
GSAT0204 (GALILEO 8)    
1 40545U 15017B   21178.40152664 -.00000092  00000-0  00000-0 0  9991
2 40545  56.6429  31.1014 0001352 184.0276 176.0244  1.70475558  1299
GPS BIIF-10             
1 40730U 15033A   21178.39555663 -.00000089  00000-0  00000-0 0  9995
2 40730  55.4139 340.9486 0063528   1.4311 358.5807  2.00570481 43573
METEOSAT-11 (MSG-4)     
1 40732U 15034A   21179.32563998 -.00000016  00000-0  00000+0 0  9991
2 40732   0.1383 151.4308 0000535 270.5847 331.5847  1.00268132 21828
GSAT0205 (GALILEO 9)    
1 40889U 15045A   21178.16955595 -.00000026  00000-0  00000-0 0  9997
2 40889  55.8673 271.7740 0003214   6.7341 353.3246  1.70475654 36053
GSAT0206 (GALILEO 10)   
1 40890U 15045B   21177.80245974 -.00000024  00000-0  00000-0 0  9990
2 40890  55.8665 271.7802 0001641 337.8960  22.1508  1.70475603 36070
GPS BIIF-11             
1 41019U 15062A   21178.44416708 -.00000030  00000-0  00000-0 0  9996
2 41019  55.5544 101.8244 0068172 214.5613 144.9908  2.00563519 41417
ELEKTRO-L 2             
1 41105U 15074A   21179.32284843 -.00000127  00000-0  00000+0 0  9992
2 41105   2.1093  92.3642 0002115  42.7331 243.2641  1.00271571 20315
GSAT0209 (GALILEO 12)   
1 41174U 15079A   21176.80374527  .00000031  00000-0  00000-0 0  9996
2 41174  55.0651 151.2087 0005651 306.7282  53.1680  1.70473019 33797
GSAT0208 (GALILEO 11)   
1 41175U 15079B   21177.61000199  .00000030  00000-0  00000-0 0  9997
2 41175  55.0641 151.1853 0004841 306.3043  53.5985  1.70473132 34225
GPS BIIF-12             
1 41328U 16007A   21178.53467227  .00000034  00000-0  00000-0 0  9994
2 41328  54.8576 161.5569 0051992 226.6164 132.9233  2.00561780 39421
GSAT0211 (GALILEO 14)   
1 41549U 16030A   21176.55775044 -.00000019  00000-0  00000-0 0  9998
2 41549  56.0119 271.7100 0003299 301.8698  58.1480  1.70475218 31682
GSAT0210 (GALILEO 13)   
1 41550U 16030B   21176.85053982 -.00000020  00000-0  00000-0 0  9995
2 41550  56.0108 271.7034 0003173 267.9152  92.0997  1.70475420 31681
INSAT-3DR               
1 41752U 16054A   21178.77202319 -.00000088  00000-0  00000-0 0  9992
2 41752   0.1191  99.8412 0009172 168.7664 359.3956  1.00271249 17603
GSAT0207 (GALILEO 15)   
1 41859U 16069A   21177.09636099  .00000030  00000-0  00000-0 0  9992
2 41859  54.7240 151.4703 0005674 295.7858  64.1035  1.70473008 28423
GSAT0212 (GALILEO 16)   
1 41860U 16069B   21177.53636685  .00000030  00000-0  00000-0 0  9994
2 41860  54.7218 151.4562 0004450 312.8020  47.1083  1.70473009 28689
GSAT0213 (GALILEO 17)   
1 41861U 16069C   21178.48860768  .00000031  00000-0  00000+0 0  9991
2 41861  54.7238 151.4344 0005056 278.8505  81.0413  1.70473141 28694
GSAT0214 (GALILEO 18)   
1 41862U 16069D   21176.87588225  .00000030  00000-0  00000-0 0  9998
2 41862  54.7222 151.4741 0004290 283.0971  76.8033  1.70473074 28665
GOES 16                 
1 41866U 16071A   21178.59299469 -.00000259  00000-0  00000-0 0  9999
2 41866   0.0918 101.3964 0001488  26.1207 286.7205  1.00272521 16904
GSAT-17                 
1 42815U 17040B   21178.88313163 -.00000269  00000-0  00000-0 0  9992
2 42815   0.0125  70.2721 0000939 237.4285  19.9176  1.00272586 14583
GSAT0215 (GALILEO 19)   
1 43055U 17079A   21178.53996110 -.00000027  00000-0  00000-0 0  9994
2 43055  55.9848 271.4932 0002568 259.4141 100.6122  1.70474570 22037
GSAT0216 (GALILEO 20)   
1 43056U 17079B   21178.83244921 -.00000029  00000-0  00000+0 0  9995
2 43056  55.9852 271.4849 0004389 267.1529  92.8521  1.70474671 22025
GSAT0217 (GALILEO 21)   
1 43057U 17079C   21177.87941716 -.00000024  00000-0  00000-0 0  9991
2 43057  55.9836 271.5113 0003733 279.2479  80.7644  1.70474651 22023
GSAT0218 (GALILEO 22)   
1 43058U 17079D   21178.09943083 -.00000025  00000-0  00000-0 0  9997
2 43058  55.9838 271.5027 0004936 263.9268  96.0718  1.70474606 22057
GOES 17                 
1 43226U 18022A   21179.38869078  .00000087  00000-0  00000+0 0  9993
2 43226   0.0627 240.7243 0000510 234.6075 164.0844  1.00271562 12238
GSAT0221 (GALILEO 25)   
1 43564U 18060A   21177.99811507 -.00000090  00000-0  00000-0 0  9995
2 43564  57.0221  30.8260 0002088 294.1024  65.9301  1.70475591 18204
GSAT0222 (GALILEO 26)   
1 43565U 18060B   21176.45821247 -.00000085  00000-0  00000+0 0  9991
2 43565  57.0229  30.8679 0002060 313.2115  46.8302  1.70475537 18222
GSAT0219 (GALILEO 23)   
1 43566U 18060C   21177.26536959 -.00000088  00000-0  00000-0 0  9999
2 43566  57.0244  30.8479 0001778 320.3918  39.6519  1.70475601 18214
GSAT0220 (GALILEO 24)   
1 43567U 18060D   21178.07180048 -.00000091  00000-0  00000-0 0  9998
2 43567  57.0245  30.8256 0001631 309.8890  50.1508  1.70475438 18212
BEIDOU-3 M13            
1 43622U 18072A   21178.41911564 -.00000003  00000-0  00000+0 0  9998
2 43622  55.2900 123.2934 0008353 290.4146 333.0094  1.86231882 18830
BEIDOU-3 M14            
1 43623U 18072B   21178.74548249 -.00000001  00000-0  00000+0 0  9999
2 43623  55.2935 123.2759 0006659 311.1423 261.3297  1.86231882 18849
GPS BIII-1              
1 43873U 18109A   21178.68109212  .00000037  00000-0  00000-0 0  9992
2 43873  55.0387 163.8948 0013477 201.5116 156.8813  2.00557000 18653
METEOR-M2 2             
1 44387U 19038A   21179.29516633 -.00000047  00000-0 -12673-5 0  9999
2 44387  98.6700 138.9752 0000827 160.9956 199.1271 14.23688937103012
GPS BIII-2              
1 44506U 19056A   21179.31387442 -.00000093  00000-0  00000+0 0  9994
2 44506  55.4881  43.1672 0015442 173.2677 181.1241  2.00565846 13664
BEIDOU-3 M23            
1 44542U 19061A   21178.68748563  .00000005  00000-0  10000-3 0  9991
2 44542  54.7033 244.1780 0007768 321.2427 316.7901  1.86231277 11970
BEIDOU-3 M24            
1 44543U 19061B   21178.30537001  .00000010  00000-0  10000-3 0  9990
2 44543  54.6999 244.1599 0005475 304.2502 348.4630  1.86231719 11968
BEIDOU-3 M21            
1 44793U 19078A   21179.18663789 -.00000106  00000-0  10000-3 0  9992
2 44793  55.0535   2.8055 0006632  14.0995 343.7996  1.86232215 10841
BEIDOU-3 M22            
1 44794U 19078B   21178.24956278 -.00000105  00000-0  00000+0 0  9991
2 44794  55.0288   2.8358 0004639  16.3153 344.3254  1.86232586 10833
ELEKTRO-L 3             
1 44903U 19095A   21179.09285503 -.00000107  00000-0  00000+0 0  9994
2 44903   0.0632 114.0254 0000265  76.2933 195.4773  1.00273263  5514
GPS BIII-3              
1 45854U 20041A   21178.40394156 -.00000032  00000-0  00000-0 0  9990
2 45854  55.2688 100.4699 0011538 159.5551 200.4886  2.00565789  7614
GPS BIII-4              
1 46826U 20078A   21177.44840863 -.00000033  00000-0  00000-0 0  9995
2 46826  54.8152 284.5251 0007861 177.9536 182.0800  2.00554410  5072
