ISS (ZARYA)             
1 25544U 98067A   21179.59233343  .00001944  00000-0  43787-4 0  9993
2 25544  51.6454 286.3205 0002279 118.9439   5.7591 15.48743536290361
KESTREL EYE IIM (KE2M)  
1 42982U 98067NE  21179.36322877  .00147708  20299-4  29414-3 0  9999
2 42982  51.6224 133.9388 0002502  94.4275 265.7021 15.99553007210507
TEMPEST-D               
1 43547U 98067NV  21172.16341817  .12719577  12534-4  48743-3 0  9994
2 43547  51.6127 217.4511 0003370 292.8028  67.2644 16.44063265167608
AEROCUBE 12A            
1 43556U 18046C   21179.03589380  .00003071  00000-0  11018-3 0  9993
2 43556  51.6413  98.4694 0007324 197.1838 162.8897 15.31840936164909
AEROCUBE 12B            
1 43557U 18046D   21179.20024317  .00002365  00000-0  89199-4 0  9998
2 43557  51.6407  99.5317 0007528 196.4186 163.6552 15.31226334164852
LEMUR-2-VU              
1 43558U 18046E   21179.30901467  .00004604  00000-0  14889-3 0  9991
2 43558  51.6403  89.2461 0006193 202.5436 157.5274 15.34027782165043
LEMUR-2-ALEXANDER       
1 43559U 18046F   21179.29292895  .00005609  00000-0  17750-3 0  9994
2 43559  51.6405  88.4108 0006216 202.7075 157.3633 15.34281523164830
LEMUR-2-YUASA           
1 43560U 18046G   21178.82173684  .00005304  00000-0  17007-3 0  9995
2 43560  51.6413  91.9885 0006244 215.5772 144.4794 15.33974336164968
LEMUR-2-TOMHENDERSON    
1 43561U 18046H   21179.23083310  .00004898  00000-0  15936-3 0  9994
2 43561  51.6411  90.9517 0006552 213.3202 146.7368 15.33680344164576
1998-067PN              
1 43638U 98067PN  21179.11987050  .00067874  00000-0  27572-3 0  9993
2 43638  51.6276 189.1158 0004907  24.9341 335.1899 15.85566015155752
STARS-ME                
1 43640U 98067PQ  21177.48090856  .06251270  12411-4  46174-3 0  9996
2 43640  51.6078 176.1291 0003401 286.8094  73.2559 16.39860287155785
ISS DEB (SEDA-AP)       
1 43870U 98067PU  21179.35565503  .00006029  00000-0  71968-4 0  9996
2 43870  51.6342 236.0869 0004044  17.1996 342.9135 15.62603248143321
UNITE                   
1 44031U 98067PX  21179.08089596  .00047161  00000-0  25331-3 0  9993
2 44031  51.6367 210.1512 0004273  19.2911 340.8251 15.79749204137353
ISS DEB                 
1 44303U 98067QA  21178.84619585  .00007266  00000-0  95587-4 0  9998
2 44303  51.6382 260.6451 0004620 292.1644  67.8859 15.59645992118238
ISS DEB                 
1 44306U 98067QD  21178.86429399  .00008662  00000-0  10980-3 0  9999
2 44306  51.6367 259.9077 0005738 289.0320  71.0051 15.60339370118251
RAAVANA-1               
1 44329U 98067QE  21179.36999329  .00052972  00000-0  29597-3 0  9992
2 44329  51.6333 228.6718 0006297 348.3767  11.7088 15.78811693115888
UGUISU                  
1 44330U 98067QF  21178.86553807  .00054906  00000-0  31613-3 0  9996
2 44330  51.6285 231.9525 0006397 344.1602  15.9198 15.78126105115775
NEPALISAT-1             
1 44331U 98067QG  21178.86015410  .00056949  00000-0  32010-3 0  9991
2 44331  51.6307 231.1688 0006297 346.0378  14.0448 15.78648778115798
SPOOQY-1                
1 44332U 98067QH  21178.44253881  .00044834  00000-0  26622-3 0  9994
2 44332  51.6323 234.4270 0005769 349.4190  10.6688 15.77527164115671
RED-EYE 1 (PINOT)       
1 44364U 98067QJ  21179.38630930  .00007565  00000-0  99334-4 0  9998
2 44364  51.6383 258.9917 0005916 289.2890  70.7463 15.59620946113895
KRAKSAT                 
1 44427U 98067QM  21179.46267818  .00022536  00000-0  20435-3 0  9998
2 44427  51.6392 244.4646 0003280 310.4053  61.1702 15.67933024113202
VCC A                   
1 44428U 98067QN  21178.56414504  .00044114  00000-0  27976-3 0  9998
2 44428  51.6327 237.6395 0004424 334.5653  25.5129 15.76051001113214
ENTRYSAT                
1 44429U 98067QP  21179.11636939  .00141782  00000-0  47521-3 0  9996
2 44429  51.6242 223.0470 0007330 358.8705   1.2282 15.89159526113452
VCC B                   
1 44431U 98067QR  21179.08254779  .00049240  00000-0  30100-3 0  9994
2 44431  51.6310 234.2432 0004199 337.7919  22.2898 15.76839482113241
RWASAT-1                
1 44790U 98067QV  21179.49187500  .00009415  00000-0  11951-3 0  9997
2 44790  51.6388 263.9348 0007558 339.9266 118.1490 15.60169921 91177
AQT-D                   
1 44791U 98067QW  21179.24855930  .00012606  00000-0  15671-3 0  9999
2 44791  51.6383 265.6135 0006001 311.0971  48.9503 15.60364294 91133
NARSSCUBE-1             
1 44792U 98067QX  21179.30211925  .00026701  00000-0  24739-3 0  9993
2 44792  51.6350 256.1036 0005112 333.8329  26.2408 15.67283055 91263
STPSAT-4                
1 45043U 98067QY  21178.99602342  .00006538  00000-0  10480-3 0  9998
2 45043  51.6406 281.0953 0004903 319.6404  40.4222 15.54424470 80144
HARP                    
1 45256U 98067QZ  21178.56846445  .00013570  00000-0  17516-3 0  9992
2 45256  51.6418 275.3132 0006126 314.4482  45.6009 15.59288532 76851
1998-067RA              
1 45257U 98067RA  21178.55783822  .00010930  00000-0  14906-3 0  9998
2 45257  51.6387 276.6794 0006787 314.6543  45.3896 15.58052335 76836
PHOENIX                 
1 45258U 98067RB  21179.34347545  .00009128  00000-0  13120-3 0  9999
2 45258  51.6395 274.4133 0005352 298.9741  61.0713 15.56874050 76905
1998-067RC              
1 45259U 98067RC  21178.64167816  .00019335  00000-0  22043-3 0  9998
2 45259  51.6381 271.2356 0006257 316.0024  44.0471 15.62237323 76910
CRYOCUBE                
1 45260U 98067RD  21178.64026404  .00033623  00000-0  34032-3 0  9994
2 45260  51.6368 269.7165 0007095 317.6415  42.4031 15.64929040 76942
AZTECHSAT-1             
1 45261U 98067RE  21178.94561717  .00028622  00000-0  27748-3 0  9998
2 45261  51.6355 264.9799 0006714 320.4634  39.5871 15.66103611 77019
RADSAT-U                
1 45262U 98067RF  21179.27778525  .00011508  00000-0  15420-3 0  9992
2 45262  51.6409 272.5492 0005819 349.3989  10.6880 15.58470257 76960
QARMAN                  
1 45263U 98067RG  21178.50551048  .00019481  00000-0  22308-3 0  9998
2 45263  51.6382 272.5713 0006282 311.8578  48.1880 15.62116954 76917
SORTIE                  
1 45264U 98067RH  21179.00270921  .00007082  00000-0  11015-3 0  9990
2 45264  51.6414 278.9316 0006741 319.5744  40.4746 15.55109052 76844
ICS-EF (ISS DEB)        
1 45265U 98067RJ  21178.77283597  .00004069  00000-0  72568-4 0  9990
2 45265  51.6411 284.8434 0004859 318.1820  41.8798 15.52552349 76421
G-SAT                   
1 45597U 98067RK  21178.99459508  .00013085  00000-0  17573-3 0  9991
2 45597  51.6399 275.8643 0004114   9.0789 351.0277 15.58273160 66255
QUETZAL-1               
1 45598U 98067RL  21178.69016474  .00017776  00000-0  22032-3 0  9997
2 45598  51.6397 276.0780 0002112  16.3388 343.7673 15.60132115 66155
RED-EYE 2 (MERLOT)      
1 45800U 98067RM  21179.35646383  .00006973  00000-0  11467-3 0  9992
2 45800  51.6416 281.2745 0001124 350.8259   9.2710 15.53581384 58387
RED-EYE 3 (CABERNET)    
1 45809U 98067RN  21179.09948636  .00007607  00000-0  12444-3 0  9999
2 45809  51.6417 282.5585 0001212 333.2302  26.8625 15.53578969 57323
DEMI                    
1 45916U 98067RP  21179.28348658  .00016823  00000-0  21772-3 0  9991
2 45916  51.6401 275.5558 0002198 274.3827  85.6914 15.59031077 54420
SPOC                    
1 46921U 98067RR  21179.32311196  .00008514  00000-0  13338-3 0  9997
2 46921  51.6419 281.8215 0001890 110.9334 249.1859 15.54610051 36540
BOBCAT-1                
1 46922U 98067RS  21178.55499028  .00014010  00000-0  20134-3 0  9993
2 46922  51.6428 284.2115 0001272 113.4614 246.6511 15.56375103 36411
NEUTRON-1               
1 46923U 98067RT  21178.69667026  .00009508  00000-0  14885-3 0  9996
2 46923  51.6420 285.1349 0001773 124.8802 235.2356 15.54470311 36487
1998-067RU              
1 46924U 98067RU  21178.69281884  .00026980  00000-0  32745-3 0  9999
2 46924  51.6394 280.6001 0000817 230.0716 130.0205 15.60399404 36514
LEMUR-2-BAXTER-OLIVER   
1 46925U 98067RV  21179.33867390  .00037089  00000-0  42931-3 0  9994
2 46925  51.6419 276.7017 0000805 239.7902 120.3012 15.61468886 36572
LEMUR-2-DJARA           
1 46926U 98067RW  21179.01150314  .00032237  00000-0  39004-3 0  9998
2 46926  51.6425 279.0164 0000225 176.9270 183.1725 15.60383057 36534
DESCENT                 
1 46927U 98067RX  21179.02326952  .00009738  00000-0  15232-3 0  9990
2 46927  51.6419 283.5634 0001821 151.2585 208.8506 15.54460823 36439
PROGRESS-MS 16          
1 47618U 21011A   21178.55297541  .00002119  00000-0  47008-4 0  9994
2 47618  51.6455 291.4605 0002357 113.3126 332.6601 15.48739178290202
CYGNUS NG-15            
1 47689U 21013A   21178.55297541  .00002119  00000-0  47008-4 0  9994
2 47689  51.6455 291.4605 0002357 113.3126 332.6601 15.48739178290200
ISS DEB                 
1 47853U 98067RZ  21179.02615311  .00001715  00000-0  38581-4 0  9999
2 47853  51.6439 288.8134 0003101 124.9755 235.1526 15.49558648 16904
RSP-01                  
1 47925U 98067SB  21178.67273230  .00009244  00000-0  15939-3 0  9995
2 47925  51.6431 289.4600 0002129  70.3180 289.8039 15.51797984 16362
TAUSAT-1                
1 47926U 98067SC  21179.02803731  .00011382  00000-0  18982-3 0  9998
2 47926  51.6421 287.3326 0003108  71.9483 288.1845 15.52473906 16414
TSURU                   
1 47927U 98067SD  21178.67828615  .00008361  00000-0  14583-3 0  9993
2 47927  51.6432 289.4967 0002249  69.2897 290.8334 15.51617518 16360
STARS-EC                
1 47928U 98067SE  21178.86949208  .00012170  00000-0  20633-3 0  9993
2 47928  51.6425 288.5176 0005138 149.1534 210.9759 15.51931088 16377
MMSATS-1                
1 47976U 98067SJ  21179.59564440  .00003771  00000-0  74168-4 0  9998
2 47976  51.6480 285.8514 0002916 123.8336 236.2941 15.49938379 15276
SOYUZ-MS 18             
1 48159U 21029A   21178.55297541  .00002119  00000-0  47008-4 0  9994
2 48159  51.6455 291.4605 0002357 113.3126 332.6601 15.48739178290203
CREW DRAGON 2           
1 48209U 21030A   21178.55297541  .00002119  00000-0  47008-4 0  9992
2 48209  51.6455 291.4605 0002357 113.3126 332.6601 15.48739178290209
TIANHE                  
1 48274U 21035A   21179.16777207  .00001826  00000-0  23694-4 0  9998
2 48274  41.4693 216.1251 0007085  12.5406  24.7410 15.62570791  9415
TIANZHOU-2              
1 48803U 21046A   21177.84869677  .00009593  00000-0  10788-3 0  9992
2 48803  41.4684 224.1669 0007605   4.0568 163.4582 15.62594601  9202
DRAGON CRS-22           
1 48831U 21048A   21178.55297541  .00002119  00000-0  47008-4 0  9992
2 48831  51.6455 291.4605 0002357 113.3126 332.6601 15.48739178290200
RAMSAT                  
1 48850U 98067SL  21178.59565550  .00007059  00000-0  13257-3 0  9996
2 48850  51.6426 291.1778 0004200 174.5520 185.5515 15.49774842  2087
SOAR                    
1 48851U 98067SM  21179.30370054  .00018967  00000-0  33843-3 0  9993
2 48851  51.6420 287.6569 0003568 178.2030 181.8972 15.50088269  2239
SHENZHOU-12             
1 48852U 21053A   21177.84869677  .00009593  00000-0  10788-3 0  9994
2 48852  41.4684 224.1669 0007605   4.0568 163.4582 15.62594601  9206
CZ-2F R/B               
1 48853U 21053B   21179.14654902  .00893835  76729-5  35752-3 0  9997
2 48853  41.4519 211.3999 0059326 213.2233 146.4347 16.17954152  1785
