NOAA 15                 
1 25338U 98030A   21179.31204752  .00000088  00000-0  55442-4 0  9995
2 25338  98.6807 207.7395 0009285 246.4321 113.5884 14.26040900202796
DMSP 5D-3 F15 (USA 147) 
1 25991U 99067A   21179.39702131 -.00000096  00000-0 -25028-4 0  9991
2 25991  99.0168 160.6295 0010870 110.4837  64.0397 14.16450860113661
METEOSAT-8 (MSG-1)      
1 27509U 02040B   21179.25639740  .00000123  00000-0  00000+0 0  9990
2 27509   7.3922  52.4415 0001979  18.9712 338.8044  1.00273638 69053
DMSP 5D-3 F16 (USA 172) 
1 28054U 03048A   21179.36558348 -.00000094  00000-0 -25711-4 0  9991
2 28054  98.9542 164.0246 0006443 234.8522 262.3231 14.13641049913009
NOAA 18                 
1 28654U 05018A   21179.35382181  .00000084  00000-0  69863-4 0  9998
2 28654  98.9933 244.2616 0013271 249.4729 110.5018 14.12617652830073
METEOSAT-9 (MSG-2)      
1 28912U 05049B   21179.32642510  .00000004  00000-0  00000+0 0  9996
2 28912   5.2353  68.3973 0001250  16.4337 312.8208  1.00266221 56870
FORMOSAT-3 FM6          
1 29047U 06011A   21179.09894056  .00000146  00000-0  73204-4 0  9992
2 29047  71.9791  63.2296 0049379 135.1387 225.3758 14.28822000794982
FORMOSAT-3 FM1          
1 29048U 06011B   21178.84664188  .00000057  00000-0  38568-4 0  9991
2 29048  71.9668 334.2134 0042328  93.2150 267.3831 14.28783330797384
FORMOSAT-3 FM5          
1 29049U 06011C   21179.31738898  .00000039  00000-0  31623-4 0  9990
2 29049  72.0193 147.0415 0033374 117.0885 243.3663 14.28864638793275
FORMOSAT-3 FM3          
1 29050U 06011D   21178.66738131  .00000117  00000-0  34842-4 0  9992
2 29050  72.0159 256.0664 0049950   0.6617 359.4592 14.59078414811031
FORMOSAT-3 FM4          
1 29051U 06011E   21178.88825405  .00000059  00000-0  38877-4 0  9995
2 29051  72.0057  49.2455 0068380 354.4431   5.5938 14.28896927795779
FORMOSAT-3 FM2          
1 29052U 06011F   21179.14044678  .00000078  00000-0  46402-4 0  9995
2 29052  72.0341 124.0572 0038506  73.6914 286.8452 14.29007256794180
EWS-G1 (GOES 13)        
1 29155U 06018A   21178.86064222  .00000029  00000-0  00000-0 0  9997
2 29155   0.0951 250.7188 0004428 290.9748 105.5884  1.00268558 25178
METOP-A                 
1 29499U 06044A   21179.38016387  .00000004  00000-0  20854-4 0  9990
2 29499  98.4707 218.2137 0000770 106.6417 313.9156 14.21502775762291
DMSP 5D-3 F17 (USA 191) 
1 29522U 06050A   21179.35954461 -.00000089  00000-0 -24117-4 0  9996
2 29522  98.7833 195.7414 0009656 182.3286 177.7843 14.14042014755855
FENGYUN 3A              
1 32958U 08026A   21179.34752535 -.00000017  00000-0  11647-4 0  9999
2 32958  98.4506 152.5199 0008240 335.6933  24.3854 14.18659781678129
FENGYUN 2E              
1 33463U 08066A   21178.97456905 -.00000219  00000-0  00000-0 0  9996
2 33463   5.1348  67.1554 0003075 335.7784 311.0278  1.00273900 45881
NOAA 19                 
1 33591U 09005A   21179.31810075  .00000062  00000-0  58895-4 0  9997
2 33591  99.1823 200.2928 0014988 101.5035 258.7820 14.12478292638451
GOES 14                 
1 35491U 09033A   21178.56539432 -.00000104  00000-0  00000-0 0  9999
2 35491   0.3309 107.5180 0010607 100.0784 167.6064  1.00271450 43956
METEOR-M 1              
1 35865U 09049A   21179.19076751 -.00000009  00000-0  14679-4 0  9996
2 35865  98.4793 157.1037 0002592 149.6524 210.4805 14.22276691611325
DMSP 5D-3 F18 (USA 210) 
1 35951U 09057A   21179.31555399  .00000124  00000-0  88873-4 0  9999
2 35951  98.6801 163.3123 0011592  22.4348 337.7330 14.13371354603093
GOES 15                 
1 36411U 10008A   21178.72594779  .00000044  00000-0  00000-0 0  9991
2 36411   0.1495 128.8823 0004234 292.7347 347.4567  1.00276942 41478
COMS 1                  
1 36744U 10032A   21178.86368758 -.00000355  00000-0  00000-0 0  9994
2 36744   0.2366  95.1315 0001007 358.9489 261.1765  1.00271657 32889
FENGYUN 3B              
1 37214U 10059A   21179.27123453  .00000002  00000-0  24798-4 0  9995
2 37214  99.0783 173.5723 0015933 284.6058  75.3340 14.15990288550860
SUOMI NPP               
1 37849U 11061A   21179.37628844  .00000033  00000-0  36283-4 0  9994
2 37849  98.7376 117.9036 0000747  80.8805  26.2278 14.19535538500957
FENGYUN 2F              
1 38049U 12002A   21179.56075160 -.00000369  00000-0  00000+0 0  9997
2 38049   2.9411  82.0530 0002405  48.5382 100.0970  1.00278972 34697
METEOSAT-10 (MSG-3)     
1 38552U 12035B   21178.82515637  .00000049  00000-0  00000-0 0  9993
2 38552   1.2099  12.0586 0001661  99.0762 111.4958  1.00264802 32653
METOP-B                 
1 38771U 12049A   21179.37571716  .00000006  00000-0  22906-4 0  9998
2 38771  98.7142 239.3146 0001278  42.6176  86.8936 14.21485690455421
FENGYUN 3C              
1 39260U 13052A   21179.37131640  .00000022  00000-0  32041-4 0  9994
2 39260  98.4963 219.5823 0010539 208.5097 151.5567 14.15871117401810
METEOR-M 2              
1 40069U 14037A   21179.35166486 -.00000028  00000-0  64650-5 0  9990
2 40069  98.4580 207.7826 0004422 272.6621  87.4050 14.20685051361584
HIMAWARI-8              
1 40267U 14060A   21179.35377354 -.00000286  00000-0  00000+0 0  9993
2 40267   0.0278 103.5719 0001534  25.3802  55.7154  1.00270407 24663
FENGYUN 2G              
1 40367U 14090A   21179.21404037 -.00000312  00000-0  00000+0 0  9991
2 40367   1.0578  92.4390 0001224 354.9863   5.8574  1.00263081 23844
METEOSAT-11 (MSG-4)     
1 40732U 15034A   21179.32563998 -.00000016  00000-0  00000+0 0  9991
2 40732   0.1383 151.4308 0000535 270.5847 331.5847  1.00268132 21828
ELEKTRO-L 2             
1 41105U 15074A   21179.32284843 -.00000127  00000-0  00000+0 0  9992
2 41105   2.1093  92.3642 0002115  42.7331 243.2641  1.00271571 20315
HIMAWARI-9              
1 41836U 16064A   21179.35377354 -.00000285  00000-0  00000+0 0  9991
2 41836   0.0096  26.8670 0001408  84.2750  73.6289  1.00272926 17100
GOES 16                 
1 41866U 16071A   21178.59299469 -.00000259  00000-0  00000-0 0  9999
2 41866   0.0918 101.3964 0001488  26.1207 286.7205  1.00272521 16904
FENGYUN 4A              
1 41882U 16077A   21178.79065490 -.00000340  00000-0  00000-0 0  9991
2 41882   0.0174 329.5623 0002652 163.2401 172.5382  1.00264958 16773
CYGFM05                 
1 41884U 16078A   21179.28414982  .00000460  00000-0  25728-4 0  9993
2 41884  34.9560 244.7385 0015343 165.0985 195.0181 15.15042256251124
CYGFM04                 
1 41885U 16078B   21178.53418363  .00000453  00000-0  24983-4 0  9992
2 41885  34.9490 240.5611 0013811 172.1758 187.9171 15.15548821250989
CYGFM02                 
1 41886U 16078C   21178.52758255  .00000437  00000-0  24209-4 0  9992
2 41886  34.9581 242.6014 0014501 166.9819 193.1269 15.15547799251045
CYGFM01                 
1 41887U 16078D   21179.30154816  .00000467  00000-0  26256-4 0  9990
2 41887  34.9527 246.3792 0015798 165.2218 194.8958 15.14832587251105
CYGFM08                 
1 41888U 16078E   21178.53082747  .00000447  00000-0  24911-4 0  9992
2 41888  34.9496 245.3699 0014994 167.6768 192.4312 15.15249958251023
CYGFM06                 
1 41889U 16078F   21178.50809725  .00000457  00000-0  25214-4 0  9991
2 41889  34.9575 241.4210 0013457 166.8326 193.2739 15.15539603250998
CYGFM07                 
1 41890U 16078G   21178.42089118  .00000476  00000-0  26205-4 0  9992
2 41890  34.9513 240.8845 0013258 170.0873 190.0102 15.15537724251073
CYGFM03                 
1 41891U 16078H   21179.14296305  .00000477  00000-0  26260-4 0  9993
2 41891  34.9546 236.7604 0012819 174.9739 185.1103 15.15534835251170
FENGYUN 3D              
1 43010U 17072A   21179.27729587 -.00000021  00000-0  11166-4 0  9995
2 43010  98.7894 121.1226 0002618  81.2017 278.9499 14.19771324187526
NOAA 20                 
1 43013U 17073A   21179.32040850 -.00000009  00000-0  16384-4 0  9997
2 43013  98.7209 117.7970 0001118  69.9511 290.1785 14.19547714186989
GOES 17                 
1 43226U 18022A   21179.38869078  .00000087  00000-0  00000+0 0  9993
2 43226   0.0627 240.7243 0000510 234.6075 164.0844  1.00271562 12238
FENGYUN 2H              
1 43491U 18050A   21178.80184733 -.00000138  00000-0  00000-0 0  9991
2 43491   0.2729 114.2512 0004393  18.3698 151.2178  1.00274861 11234
METOP-C                 
1 43689U 18087A   21179.38759983  .00000004  00000-0  21708-4 0  9992
2 43689  98.6851 239.5803 0002327  15.5626 344.5623 14.21499147137008
GEO-KOMPSAT-2A          
1 43823U 18100A   21179.02341133 -.00000355  00000-0  00000+0 0  9990
2 43823   0.0406 185.5644 0000042  13.3596 214.0837  1.00270879  9466
METEOR-M2 2             
1 44387U 19038A   21179.29516633 -.00000047  00000-0 -12673-5 0  9999
2 44387  98.6700 138.9752 0000827 160.9956 199.1271 14.23688937103012
